Lista kljuceva za aplikaciju
id u bazi         key
1  348585 *
2  94632  *
3  991870 * (St)
4  668789 * (And)
5  158703 * (Aca)
6  396709 * (Ja)
7  21488  *  (ja)
8  856787 * (ja)
9  280117 * (ja)	
10  850165 * (ja)
11  155631
12  930917
13  541012
14  484221
15  786584
16  694207
17  25591
18  205578
19  894544
20  100718
21  841666
22  604822
23  222906
24  172014
25  791803
26  318365
27  474527
28  998571
29  716424
30  132576
31  370213
32  981882
33  485480
34  209523
35  448674
36  773524
37  212187
38  776096
39  711049
40  664806
41  500117
42  29645
43  387971
44  473517
45  906732
46  761975
47  178347
48  184336
49  470851
50  351103
51  193598
52  513282
53  418172
54  356328
55  768936
56  321662
57  542111
58  819620
59  817692
60  64394
61  975144
62  209448
63  616408
64  790844
65  111277
66  232042
67  743229
68  944290
69  8980
70  176714
71  769362
72  711618
73  851201
74  145513
75  961357
76  176634
77  88061
78  799097
79  846382
80  797008
81  558326
82  67635
83  63634
84  878860
85  50394
86  838968
87  210281
88  590426
89  17348
90  424606
91  940384
92  469849
93  605133
94  470532
95  91466
96  597900
97  819216
98  480472
99  226969
100  547421
101  261022
102  133266
103  497417
104  873572
105  400887
106  447282
107  812866
108  391888
109  455269
110  382033
111  292535
112  560081
113  777433
114  382248
115  545121
116  453569
117  50970
118  215500
119  473917
120  277472
121  274613
122  351027
123  32378
124  958637
125  452551
126  388972
127  342417
128  795596
129  933882
130  808587
131  592918
132  517343
133  664987
134  197020
135  104984
136  477223
137  15271
138  640831
139  775917
140  538354
141  108824
142  913288
143  357210
144  950477
145  540875
146  512536
147  75239
148  37046
149  890722
150  307919
151  152889
152  393747
153  52106
154  918953
155  991141
156  358158
157  24177
158  321129
159  594441
160  297492
161  203906
162  935517
163  432931
164  496202
165  715020
166  993744
167  279254
168  274634
169  489769
170  963683
171  600389
172  427852
173  723264
174  887206
175  526387
176  172439
177  398831
178  674085
179  546725
180  74150
181  321327
182  875328
183  917381
184  67454
185  106429
186  219631
187  537867
188  545252
189  350172
190  300295
191  678631
192  641363
193  701509
194  680761
195  986275
196  79853
197  332055
198  218352
199  484799
200  712364
201  98372
202  587745
203  108013
204  851300
205  617022
206  24692
207  69891
208  807634
209  109836
210  415682
211  597803
212  377539
213  614695
214  856179
215  539459
216  358978
217  593405
218  168731
219  214281
220  279361
221  753273
222  499954
223  875076
224  49690
225  669781
226  739351
227  894976
228  846893
229  145851
230  217141
231  128023
232  101558
233  471328
234  647548
235  638313
236  305018
237  208591
238  559531
239  450520
240  331581
241  50357
242  390668
243  956710
244  144535
245  8701
246  9388
247  592383
248  589282
249  938183
250  684638
251  191349
252  886693
253  394033
254  788254
255  840025
256  697375
257  49504
258  957605
259  400181
260  964246
261  840643
262  205593
263  643004
264  707926
265  109094
266  619875
267  536930
268  584447
269  444476
270  446374
271  573876
272  353821
273  323457
274  783690
275  313790
276  562240
277  614748
278  49254
279  629801
280  374382
281  731112
282  87505
283  668956
284  387349
285  856895
286  352374
287  814774
288  535318
289  99879
290  294021
291  688131
292  623402
293  34867
294  256774
295  392428
296  585160
297  998896
298  786556
299  860428
300  50911
301  697757
302  294142
303  440054
304  862259
305  40123
306  637767
307  975192
308  234078
309  227657
310  208048
311  569076
312  215391
313  157483
314  28004
315  660019
316  32278
317  434813
318  860139
319  262744
320  876607
321  80581
322  921363
323  209032
324  200068
325  290086
326  495157
327  902855
328  928527
329  960477
330  413662
331  507334
332  508152
333  124267
334  709262
335  956343
336  911479
337  894233
338  645532
339  504496
340  801061
341  977044
342  523
343  317344
344  86118
345  867886
346  551782
347  638594
348  992193
349  580449
350  111615
351  731820
352  226068
353  700849
354  195352
355  679262
356  767398
357  482985
358  285896
359  571125
360  910274
361  562673
362  310889
363  170034
364  536805
365  716325
366  900022
367  867892
368  984577
369  619521
370  346837
371  747337
372  430753
373  820843
374  495710
375  327769
376  937805
377  783467
378  997565
379  710400
380  398234
381  782951
382  478009
383  548030
384  113076
385  712683
386  42221
387  113626
388  434236
389  168491
390  547255
391  437072
392  952797
393  198794
394  27284
395  243255
396  245352
397  34019
398  214634
399  413772


400  871801 (me)
401  457735 (me)
402  228647 (vlada)
403  288227 (me)
404  6359   (vlada)
405  495802 (me)
406  964081 (me)
407  310712 (vlada)
408  330993 (me)
409  961986 (me)
410  343866
411  929360
412  998907
413  84790
414  104851
415  698053
416  257117
417  19254
418  141485
419  366825
420  97647
421  773677
422  442049
423  887919
424  450840
425  247777
426  870565
427  544224
428  934836
429  254637
430  912835
431  694082
432  172726
433  69557
434  800088
435  657526
436  820651
437  994485
438  994313
439  733172
440  972759
441  829825
442  287078
443  731117
444  736174
445  748219
446  928887
447  42334
448  705775
449  983776
450  847021
451  625917
452  577479
453  206503
454  327151
455  109495
456  549338
457  395205
458  177733
459  184425
460  163001
461  947506
462  879434
463  218578
464  964480
465  238229
466  789079
467  235305
468  32863
469  292364
470  464394
471  608327
472  805949
473  309633
474  603653
475  912353
476  117749
477  384929
478  256730
479  943750
480  881730
481  899267
482